thomas:[~/CS452]$ g++ mergesort.cpp -o merge
thomas:[~/CS452]$ ./merge
Please specify the size of the array:
10
Final Sorted Array:  3121 7340 26842 41444 57370 84373 85704 89813 91767 95795
thomas:[~/CS452]$ ./merge
Please specify the size of the array:
100
Final Sorted Array:  1044 1928 2778 2795 2827 4692 5667 7825 8862 8991 9428 9622 11640 14711 15283 15427 15597 15755 16184 16567 17683 19094 19724 20198 21336 22286 23239 24462 24746 24809 25365 25538 25891 27382 28330 29259 29283 36576 36641 38628 40506 44856 44939 44962 45262 46760 48884 49587 51339 51569 52003 52065 54068 55401 55827 56146 57603 57970 57977 58781 59000 59088 60500 61330 61417 62083 62645 65771 67310 67387 67862 68217 68353 69423 69908 70072 70137 70936 75739 76655 77928 80857 81192 81498 82919 83349 85990 87015 87512 88283 89366 89706 90645 92571 92777 94153 95246 95855 96186 98417
thomas:[~/CS452]$


